1 2 0 0
1 3 0 0
1 4 0 0
1 5 0 0
1 6 0 0
1 7 0 0
1 8 0 0
1 9 0 0
1 10 1 0 11
1 10 1 0 12
1 10 1 0 13
1 1 1 1 10
1 14 0 0
1 15 0 0
1 16 0 0
1 17 0 0
1 18 0 0
1 19 0 0
1 20 0 0
1 1 2 0 21 22
1 1 2 0 21 23
1 1 2 0 24 25
1 1 2 0 24 26
1 1 2 0 27 28
1 1 2 0 27 29
1 1 2 0 22 23
1 1 2 0 25 26
1 1 2 0 28 29
1 30 0 0
1 31 0 0
1 32 0 0
1 33 0 0
1 34 0 0
1 35 0 0
3 1 11 1 0 7
1 1 2 1 11 7
3 1 12 1 0 8
1 1 2 1 12 8
3 1 13 1 0 9
1 1 2 1 13 9
3 3 21 24 27 1 0 18
2 36 3 0 1 21 24 27
2 37 3 0 2 21 24 27
1 38 2 1 37 36
1 1 2 1 38 18
3 3 22 25 28 1 0 19
2 39 3 0 1 22 25 28
2 40 3 0 2 22 25 28
1 41 2 1 40 39
1 1 2 1 41 19
3 3 23 26 29 1 0 20
2 42 3 0 1 23 26 29
2 43 3 0 2 23 26 29
1 44 2 1 43 42
1 1 2 1 44 20
1 1 2 1 24 21
1 1 1 0 45
1 45 3 1 25 22 21
1 45 3 2 24 25 22
1 45 2 0 21 46
1 45 2 1 24 46
1 46 3 1 26 23 22
1 46 3 2 25 26 23
1 1 2 1 27 21
1 1 1 0 47
1 47 3 1 28 22 21
1 47 3 2 27 28 22
1 47 2 0 21 48
1 47 2 1 27 48
1 48 3 1 29 23 22
1 48 3 2 28 29 23
1 1 2 1 13 12
1 1 2 1 12 11
1 1 2 1 22 21
1 1 1 0 49
1 49 3 1 25 24 21
1 49 3 2 22 25 24
1 49 2 0 21 50
1 49 2 1 22 50
1 50 3 1 28 27 24
1 50 3 2 25 28 27
1 50 2 0 24 51
1 50 2 1 25 51
1 51 3 1 39 36 27
1 51 3 2 28 39 36
1 51 2 0 27 52
1 51 2 1 28 52
1 52 3 1 40 37 36
1 52 3 2 39 40 37
1 52 2 0 36 53
1 52 2 1 39 53
1 53 3 1 41 38 37
1 53 3 2 40 41 38
0
11 assignColor(3,1)
12 assignColor(2,1)
13 assignColor(1,1)
21 assign(3,3)
22 assign(2,3)
23 assign(1,3)
24 assign(3,2)
25 assign(2,2)
26 assign(1,2)
27 assign(3,1)
28 assign(2,1)
29 assign(1,1)
0
B+
0
B-
1
0
1
